  File: /data/mephi-web
  Size: 4096      	Blocks: 8          IO Block: 4096   directory
Device: 8,17	Inode: 2           Links: 3
Access: (0755/drwxr-xr-x)  Uid: (    0/    root)   Gid: (    0/    root)
Context: system_u:object_r:unlabeled_t:s0
Access: 2026-03-25 17:33:19.000000000 +0100
Modify: 2026-03-25 17:33:19.000000000 +0100
Change: 2026-03-25 17:33:19.000000000 +0100
 Birth: 2026-03-25 17:33:19.000000000 +0100
